158

0.000000

0.040000
0.083333
0.117808
0.166667
0.194521
0.250000
0.333333
0.367237
0.416667
0.500000
0.597374
0.666667
0.750000
0.833333
0.865753
0.916667
1.000000
1.083333
1.166667
1.250000
1.333333
1.416667
1.500000
1.583333
1.666667
1.750000
1.833333
1.916667
2.000000
2.083333
2.166667
2.250000
2.333333
2.416667
2.500000
2.583333
2.666667
2.750000
2.833333
2.916667
3.000000
3.083333
3.166667
3.250000
3.333333
3.416667
3.500000
3.583333
3.666667
3.750000
3.833333
3.916667
4.000000
4.083333
4.166667
4.250000
4.333333
4.416667
4.500000
4.583333
4.666667
4.750000
4.833333
4.916667
5.000000
5.083333
5.166667
5.250000
5.333333
5.416667
5.500000
5.583333
5.666667
5.750000
5.833333
5.916667
6.000000
6.083333
6.166667
6.250000
6.333333
6.416667
6.500000
6.583333
6.666667
6.750000
6.833333
6.916667
7.000000
7.083333
7.166667
7.250000
7.333333
7.416667
7.500000
7.583333
7.666667
7.750000
7.833333
7.916667
8.000000
8.083333
8.166667
8.250000
8.333333
8.416667
8.500000
8.583333
8.666667
8.750000
8.833333
8.916667
9.000000
9.083333
9.166667
9.250000
9.333333
9.416667
9.500000
9.583333
9.666667
9.750000
9.833333
9.916667
10.000000
10.083333
10.166667
10.250000
10.333333
10.416667
10.500000
10.583333
10.666667
10.750000
10.833333
10.916667
11.000000
11.083333
11.166667
11.250000
11.333333
11.416667
11.500000
11.583333
11.666667
11.750000
11.833333
11.916667
12.000000
12.083333
12.166667
12.250000
12.333333
12.416667
12.500000
12.583333
12.666667

0.045335
0.045335
0.044652
0.044652
0.043249
0.043249
0.040220
0.041947
0.041947
0.041080
0.034402
0.047457
0.038738
0.039648
0.039236
0.039236
0.038844
0.041188
0.041209
0.041245
0.041391
0.041413
0.041466
0.042890
0.043075
0.043259
0.041923
0.041991
0.042016
0.044125
0.044310
0.044545
0.044836
0.045053
0.045269
0.046496
0.046777
0.047027
0.046491
0.046723
0.046954
0.047327
0.047566
0.047842
0.047968
0.048242
0.048479
0.050116
0.050459
0.050719
0.049965
0.050265
0.050477
0.050264
0.050500
0.050737
0.051122
0.051314
0.051605
0.053477
0.053831
0.054134
0.052996
0.053249
0.053502
0.053464
0.053707
0.053891
0.054438
0.054689
0.054940
0.056789
0.057087
0.057385
0.056348
0.056608
0.056868
0.055805
0.056030
0.056254
0.056622
0.056850
0.057152
0.058511
0.058769
0.059026
0.058581
0.058822
0.059063
0.057523
0.057722
0.057838
0.058370
0.058490
0.058693
0.060541
0.060779
0.061018
0.060183
0.060309
0.060523
0.058154
0.058315
0.058570
0.059018
0.059187
0.059355
0.060894
0.061089
0.061283
0.060471
0.060545
0.060822
0.058927
0.059170
0.059204
0.059342
0.059481
0.059727
0.061505
0.061673
0.061952
0.061002
0.061153
0.061304
0.059733
0.059972
0.059980
0.060338
0.060465
0.060591
0.062164
0.062434
0.062585
0.061627
0.061885
0.061896
0.061778
0.061908
0.062038
0.062297
0.062559
0.062563
0.064671
0.064831
0.064991
0.063806
0.063947
0.064089
0.060796
0.060890
0.060985
0.061359
0.061316
0.061555
0.063512
0.063635
0.063635

0.004124
0.003266
0.003266
-0.001130
-0.001130
0.001481
0.001481
0.001481
0.002522
0.002522
0.002522
-0.004513
-0.004513
-0.004513
-0.004513
0.000000
0.000000
0.000000
0.000000
0.000000
0.000000
0.000000
0.000000
0.000000
0.000000
0.000000
0.000000
0.000000
0.000000
0.000000
0.000000
0.000000
0.000000
0.000000
0.000000
0.000000
0.000000
0.000000
0.000000
0.000000
0.000000
0.000000
0.000000
0.000000
0.000000
0.000000
0.000000
0.000000
0.000000
0.000000
0.000000
0.000000
0.000000
0.000000
0.000000
0.000000
0.000000
0.000000
0.000000
0.000000
0.000000
0.000000
0.000000
0.000000
0.000000
0.000000
0.000000
0.000000
0.000000
0.000000
0.000000
0.000000
0.000000
0.000000
0.000000
0.000000
0.000000
0.000000
0.000000
0.000000
0.000000
0.000000
0.000000
0.000000
0.000000
0.000000
0.000000
0.000000
0.000000
0.000000
0.000000
0.000000
0.000000
0.000000
0.000000
0.000000
0.000000
0.000000
0.000000
0.000000
0.000000
0.000000
0.000000
0.000000
0.000000
0.000000
0.000000
0.000000
0.000000
0.000000
0.000000
0.000000
0.000000
0.000000
0.000000
0.000000
0.000000
0.000000
0.000000
0.000000
0.000000
0.000000
0.000000
0.000000
0.000000
0.000000
0.000000
0.000000
0.000000
0.000000
0.000000
0.000000
0.000000
0.000000
0.000000
0.000000
0.000000
0.000000
0.000000
0.000000
0.000000
0.000000
0.000000
0.000000
0.000000
0.000000
0.000000
0.000000
0.000000
0.000000
0.000000
0.000000
0.000000
0.000000
0.000000
0.000000
0.000000
0.000000

15

157

3
3
2
3
2
4
2
2
3
4
3
5
2
4
2

0.013333
0.014444
0.017237
0.016286
0.013927
0.013870
0.041667
0.016952
0.016476
0.020833
0.032458
0.013858
0.041667
0.020833
0.016210

0.199139
0.199139
0.199139
0.199139
0.199139
0.199139
0.068906
0.199139
0.199139
0.125300
0.071149
0.199139
0.080366
0.146650
0.146650

0.052564
0.052564
0.052564
0.052564
0.052564
0.052564
0.052564
0.052564
0.052564
0.052564
0.052564
0.052564
0.052564
0.052564
0.052564

0.012656
0.012656
0.012656
0.012656
0.012656
0.012656
0.012656
0.012656
0.012656
0.015128
0.013068
0.012656
0.014761
0.024333
0.014330

0.058721

5512.280000

0.000000	1.000000	0.083697

0.013333	0.943409	0.076234
0.013333	1.000465	0.075008
0.013333	1.060972	0.047609

0.026667	0.890020	0.076051
0.026667	0.943848	0.088762
0.026667	1.000931	0.062388
0.026667	1.061466	0.039703
0.026667	1.125662	0.044402

0.040000	0.839653	0.077436
0.040000	0.890434	0.097889
0.040000	0.944287	0.088167
0.040000	1.001396	0.048387
0.040000	1.061960	0.031422
0.040000	1.126186	0.035463
0.040000	1.194296	0.046080

0.054444	0.792177	0.075845
0.054444	0.840087	0.101641
0.054444	0.890894	0.111538
0.054444	0.944774	0.075771
0.054444	1.001913	0.037793
0.054444	1.062508	0.025109
0.054444	1.126767	0.027114
0.054444	1.194913	0.040575
0.054444	1.267180	0.047984

0.068889	0.747385	0.070584
0.068889	0.792586	0.097962
0.068889	0.840521	0.122591
0.068889	0.891354	0.113785
0.068889	0.945262	0.058574
0.068889	1.002431	0.032434
0.068889	1.063057	0.021348
0.068889	1.127349	0.020088
0.068889	1.195530	0.036217
0.068889	1.267834	0.044187
0.068889	1.344511	0.049307

0.083333	0.705126	0.067159
0.083333	0.747771	0.088889
0.083333	0.792995	0.121789
0.083333	0.840955	0.140742
0.083333	0.891815	0.101195
0.083333	0.945750	0.044376
0.083333	1.002948	0.031659
0.083333	1.063606	0.019941
0.083333	1.127931	0.014137
0.083333	1.196147	0.032502
0.083333	1.268489	0.040589
0.083333	1.345206	0.046038
0.083333	1.426562	0.049778

0.100571	0.665314	0.063158
0.100571	0.705552	0.078919
0.100571	0.748223	0.101945
0.100571	0.793474	0.138887
0.100571	0.841463	0.145013
0.100571	0.892354	0.082688
0.100571	0.946322	0.048359
0.100571	1.003555	0.034512
0.100571	1.064249	0.021913
0.100571	1.128613	0.012656
0.100571	1.196870	0.030559
0.100571	1.269256	0.038026
0.100571	1.346019	0.043441
0.100571	1.427425	0.047368
0.100571	1.513754	0.050322

0.117808	0.627751	0.059915
0.117808	0.665717	0.071230
0.117808	0.705978	0.087265
0.117808	0.748675	0.108394
0.117808	0.793954	0.131343
0.117808	0.841972	0.131446
0.117808	0.892893	0.094324
0.117808	0.946894	0.058419
0.117808	1.004161	0.036820
0.117808	1.064892	0.025893
0.117808	1.129295	0.019938
0.117808	1.197594	0.029510
0.117808	1.270023	0.036389
0.117808	1.346833	0.041541
0.117808	1.428288	0.045449
0.117808	1.514669	0.048469
0.117808	1.606274	0.050806

0.134094	0.592331	0.057804
0.134094	0.628154	0.065860
0.134094	0.666144	0.077620
0.134094	0.706432	0.093615
0.134094	0.749156	0.112786
0.134094	0.794464	0.129085
0.134094	0.842513	0.127617
0.134094	0.893467	0.100415
0.134094	0.947503	0.063762
0.134094	1.004807	0.041848
0.134094	1.065576	0.030914
0.134094	1.130021	0.024310
0.134094	1.198364	0.029717
0.134094	1.270839	0.035390
0.134094	1.347698	0.040075
0.134094	1.429206	0.043838
0.134094	1.515642	0.046852
0.134094	1.607307	0.049252
0.134094	1.704515	0.051128

0.150381	0.558909	0.056326
0.150381	0.592712	0.062043
0.150381	0.628558	0.070489
0.150381	0.666573	0.082472
0.150381	0.706886	0.098351
0.150381	0.749638	0.116299
0.150381	0.794975	0.130013
0.150381	0.843054	0.128664
0.150381	0.894041	0.105192
0.150381	0.948112	0.067814
0.150381	1.005453	0.049206
0.150381	1.066261	0.036374
0.150381	1.130748	0.027403
0.150381	1.199134	0.030247
0.150381	1.271656	0.034775
0.150381	1.348565	0.038932
0.150381	1.430124	0.042484
0.150381	1.516617	0.045446
0.150381	1.608340	0.047881
0.150381	1.705610	0.049847
0.150381	1.808764	0.051398

0.166667	0.527374	0.054991
0.166667	0.559269	0.058949
0.166667	0.593093	0.064840
0.166667	0.628962	0.073370
0.166667	0.667001	0.085351
0.166667	0.707340	0.101106
0.166667	0.750120	0.118659
0.166667	0.795486	0.132076
0.166667	0.843596	0.131880
0.166667	0.894616	0.110190
0.166667	0.948721	0.072851
0.166667	1.006099	0.057563
0.166667	1.066947	0.040805
0.166667	1.131474	0.029431
0.166667	1.199905	0.030687
0.166667	1.272474	0.034404
0.166667	1.349431	0.038138
0.166667	1.431043	0.041499
0.166667	1.517591	0.044399
0.166667	1.609374	0.046848
0.166667	1.706707	0.048877
0.166667	1.809926	0.050518
0.166667	1.919389	0.051775

0.180594	0.497561	0.054347
0.180594	0.527653	0.057022
0.180594	0.559565	0.061070
0.180594	0.593407	0.066948
0.180594	0.629295	0.075344
0.180594	0.667355	0.087110
0.180594	0.707715	0.102644
0.180594	0.750517	0.120125
0.180594	0.795908	0.134144
0.180594	0.844043	0.136187
0.180594	0.895090	0.117264
0.180594	0.949224	0.082175
0.180594	1.006632	0.067034
0.180594	1.067512	0.044196
0.180594	1.132074	0.031135
0.180594	1.200541	0.031063
0.180594	1.273148	0.034081
0.180594	1.350147	0.037445
0.180594	1.431802	0.040630
0.180594	1.518396	0.043468
0.180594	1.610227	0.045923
0.180594	1.707611	0.048008
0.180594	1.810886	0.049737
0.180594	1.920406	0.051108
0.180594	2.036550	0.052074

0.194521	0.469434	0.053937
0.194521	0.497825	0.055893
0.194521	0.527933	0.058689
0.194521	0.559862	0.062708
0.194521	0.593721	0.068395
0.194521	0.629629	0.076420
0.194521	0.667708	0.087692
0.194521	0.708091	0.102774
0.194521	0.750915	0.120185
0.194521	0.796330	0.135065
0.194521	0.844491	0.140046
0.194521	0.895565	0.128464
0.194521	0.949727	0.101852
0.194521	1.007166	0.073796
0.194521	1.068078	0.045686
0.194521	1.132674	0.032842
0.194521	1.201177	0.031366
0.194521	1.273823	0.033732
0.194521	1.350862	0.036808
0.194521	1.432561	0.039853
0.194521	1.519201	0.042638
0.194521	1.611080	0.045100
0.194521	1.708516	0.047236
0.194521	1.811846	0.049052
0.194521	1.921424	0.050548
0.194521	2.037630	0.051710
0.194521	2.160863	0.052564

0.208390	0.442880	0.053651
0.208390	0.469665	0.055161
0.208390	0.498070	0.057221
0.208390	0.528192	0.060040
0.208390	0.560137	0.063915
0.208390	0.594013	0.069236
0.208390	0.629939	0.076628
0.208390	0.668037	0.087044
0.208390	0.708439	0.101253
0.208390	0.751284	0.118218
0.208390	0.796721	0.133619
0.208390	0.844906	0.140693
0.208390	0.896005	0.132991
0.208390	0.950194	0.108616
0.208390	1.007661	0.074466
0.208390	1.068603	0.045319
0.208390	1.133231	0.033304
0.208390	1.201768	0.031227
0.208390	1.274449	0.033282
0.208390	1.351526	0.036188
0.208390	1.433265	0.039142
0.208390	1.519948	0.041892
0.208390	1.611872	0.044366
0.208390	1.709357	0.046552
0.208390	1.812736	0.048454
0.208390	1.922369	0.050075
0.208390	2.038631	0.051426
0.208390	2.161926	0.052564
0.208390	2.292676	0.052564

0.222260	0.417828	0.053416
0.222260	0.443098	0.054629
0.222260	0.469896	0.056242
0.222260	0.498315	0.058355
0.222260	0.528452	0.061119
0.222260	0.560412	0.064748
0.222260	0.594305	0.069539
0.222260	0.630248	0.076016
0.222260	0.668365	0.085125
0.222260	0.708787	0.097818
0.222260	0.751654	0.113538
0.222260	0.797113	0.128564
0.222260	0.845321	0.136519
0.222260	0.896445	0.130403
0.222260	0.950661	0.106608
0.222260	1.008156	0.070558
0.222260	1.069129	0.043475
0.222260	1.133788	0.032899
0.222260	1.202359	0.030693
0.222260	1.275076	0.032710
0.222260	1.352191	0.035568
0.222260	1.433970	0.038481
0.222260	1.520695	0.041220
0.222260	1.612665	0.043712
0.222260	1.710197	0.045949
0.222260	1.813628	0.047934
0.222260	1.923314	0.049676
0.222260	2.039634	0.051197
0.222260	2.162989	0.052564
0.222260	2.293804	0.052564
0.222260	2.432530	0.052564

0.236130	0.394193	0.053188
0.236130	0.418033	0.054176
0.236130	0.443316	0.055502
0.236130	0.470127	0.057195
0.236130	0.498560	0.059319
0.236130	0.528712	0.061974
0.236130	0.560688	0.065279
0.236130	0.594598	0.069400
0.236130	0.630558	0.074673
0.236130	0.668694	0.081944
0.236130	0.709136	0.092255
0.236130	0.752023	0.105446
0.236130	0.797505	0.118540
0.236130	0.845737	0.125889
0.236130	0.896886	0.120564
0.236130	0.951129	0.098604
0.236130	1.008652	0.063785
0.236130	1.069654	0.040766
0.236130	1.134346	0.031967
0.236130	1.202950	0.029876
0.236130	1.275703	0.032041
0.236130	1.352856	0.034945
0.236130	1.434675	0.037864
0.236130	1.521443	0.040611
0.236130	1.613458	0.043131
0.236130	1.711038	0.045420
0.236130	1.814519	0.047484
0.236130	1.924260	0.049338
0.236130	2.040637	0.051010
0.236130	2.164052	0.052564
0.236130	2.294931	0.052564
0.236130	2.433726	0.052564
0.236130	2.580915	0.052564

0.250000	0.371895	0.053581
0.250000	0.394387	0.054780
0.250000	0.418239	0.056196
0.250000	0.443534	0.057842
0.250000	0.470358	0.059718
0.250000	0.498805	0.061806
0.250000	0.528972	0.064035
0.250000	0.560964	0.066236
0.250000	0.594890	0.068062
0.250000	0.630868	0.068906
0.250000	0.669022	0.068906
0.250000	0.709484	0.068906
0.250000	0.752393	0.068906
0.250000	0.797897	0.068906
0.250000	0.846153	0.068906
0.250000	0.897327	0.068906
0.250000	0.951596	0.063375
0.250000	1.009148	0.039960
0.250000	1.070180	0.031951
0.250000	1.134903	0.028518
0.250000	1.203541	0.026974
0.250000	1.276330	0.029882
0.250000	1.353521	0.033098
0.250000	1.435380	0.036131
0.250000	1.522191	0.038956
0.250000	1.614251	0.041583
0.250000	1.711879	0.044032
0.250000	1.815412	0.046325
0.250000	1.925206	0.048488
0.250000	2.041640	0.050553
0.250000	2.165116	0.052564
0.250000	2.296060	0.052564
0.250000	2.434923	0.052564
0.250000	2.582184	0.052564
0.250000	2.738352	0.052564

0.291667	0.351160	0.052564
0.291667	0.372398	0.054176
0.291667	0.394920	0.055866
0.291667	0.418804	0.057678
0.291667	0.444133	0.059638
0.291667	0.470994	0.061745
0.291667	0.499479	0.063957
0.291667	0.529687	0.066156
0.291667	0.561722	0.068047
0.291667	0.595694	0.068906
0.291667	0.631721	0.068906
0.291667	0.669927	0.068906
0.291667	0.710443	0.068906
0.291667	0.753410	0.068906
0.291667	0.798975	0.068906
0.291667	0.847296	0.068906
0.291667	0.898540	0.068906
0.291667	0.952882	0.044992
0.291667	1.010512	0.035222
0.291667	1.071626	0.031607
0.291667	1.136437	0.029491
0.291667	1.205168	0.025283
0.291667	1.278055	0.028413
0.291667	1.355350	0.031776
0.291667	1.437320	0.034873
0.291667	1.524248	0.037751
0.291667	1.616432	0.040457
0.291667	1.714192	0.043028
0.291667	1.817865	0.045497
0.291667	1.927807	0.047893
0.291667	2.044399	0.050240
0.291667	2.168042	0.052564
0.291667	2.299163	0.052564
0.291667	2.438213	0.052564
0.291667	2.585674	0.052564
0.291667	2.742052	0.052564
0.291667	2.907889	0.052564

0.333333	0.331581	0.052564
0.333333	0.351634	0.052564
0.333333	0.372901	0.054345
0.333333	0.395454	0.056188
0.333333	0.419370	0.058138
0.333333	0.444733	0.060227
0.333333	0.471630	0.062465
0.333333	0.500154	0.064843
0.333333	0.530403	0.067309
0.333333	0.562481	0.069749
0.333333	0.596499	0.072010
0.333333	0.632574	0.074497
0.333333	0.670832	0.078148
0.333333	0.711403	0.084108
0.333333	0.754428	0.095864
0.333333	0.800055	0.112885
0.333333	0.848441	0.113158
0.333333	0.899754	0.080829
0.333333	0.954170	0.049855
0.333333	1.011877	0.043112
0.333333	1.073074	0.035742
0.333333	1.137973	0.031717
0.333333	1.206796	0.025372
0.333333	1.279782	0.028323
0.333333	1.357182	0.031545
0.333333	1.439262	0.034568
0.333333	1.526307	0.037419
0.333333	1.618617	0.040128
0.333333	1.716509	0.042726
0.333333	1.820321	0.045246
0.333333	1.930412	0.047712
0.333333	2.047162	0.050146
0.333333	2.170972	0.052564
0.333333	2.302270	0.052564
0.333333	2.441508	0.052564
0.333333	2.589168	0.052564
0.333333	2.745758	0.052564
0.333333	2.911818	0.052564
0.333333	3.087922	0.052564

0.350285	0.312852	0.052564
0.350285	0.331773	0.052564
0.350285	0.351838	0.052564
0.350285	0.373117	0.054488
0.350285	0.395682	0.056466
0.350285	0.419613	0.058542
0.350285	0.444991	0.060753
0.350285	0.471903	0.063128
0.350285	0.500443	0.065692
0.350285	0.530710	0.068470
0.350285	0.562806	0.071515
0.350285	0.596844	0.074989
0.350285	0.632941	0.079468
0.350285	0.671220	0.085944
0.350285	0.711815	0.095678
0.350285	0.754865	0.111009
0.350285	0.800518	0.138038
0.350285	0.848932	0.135898
0.350285	0.900275	0.086465
0.350285	0.954722	0.063711
0.350285	1.012463	0.054381
0.350285	1.073696	0.040999
0.350285	1.138632	0.033985
0.350285	1.207495	0.026065
0.350285	1.280523	0.028493
0.350285	1.357967	0.031423
0.350285	1.440096	0.034326
0.350285	1.527191	0.037136
0.350285	1.619554	0.039845
0.350285	1.717502	0.042469
0.350285	1.821375	0.045035
0.350285	1.931530	0.047563
0.350285	2.048347	0.050069
0.350285	2.172228	0.052564
0.350285	2.303602	0.052564
0.350285	2.442922	0.052564
0.350285	2.590667	0.052564
0.350285	2.747347	0.052564
0.350285	2.913504	0.052564
0.350285	3.089709	0.052564
0.350285	3.276571	0.052564

0.367237	0.295181	0.052564
0.367237	0.313033	0.052564
0.367237	0.331965	0.052564
0.367237	0.352042	0.052564
0.367237	0.373333	0.054606
0.367237	0.395911	0.056696
0.367237	0.419856	0.058879
0.367237	0.445248	0.061198
0.367237	0.472176	0.063697
0.367237	0.500733	0.066434
0.367237	0.531017	0.069500
0.367237	0.563132	0.073065
0.367237	0.597190	0.077467
0.367237	0.633307	0.083372
0.367237	0.671609	0.091712
0.367237	0.712227	0.103308
0.367237	0.755302	0.118312
0.367237	0.800981	0.134289
0.367237	0.849424	0.132196
0.367237	0.900796	0.106394
0.367237	0.955275	0.085229
0.367237	1.013049	0.066613
0.367237	1.074317	0.046774
0.367237	1.139291	0.034539
0.367237	1.208194	0.027813
0.367237	1.281264	0.028813
0.367237	1.358753	0.031353
0.367237	1.440929	0.034125
0.367237	1.528075	0.036896
0.367237	1.620491	0.039606
0.367237	1.718497	0.042256
0.367237	1.822429	0.044864
0.367237	1.932648	0.047445
0.367237	2.049532	0.050009
0.367237	2.173486	0.052564
0.367237	2.304936	0.052564
0.367237	2.444336	0.052564
0.367237	2.592166	0.052564
0.367237	2.748938	0.052564
0.367237	2.915190	0.052564
0.367237	3.091498	0.052564
0.367237	3.278468	0.052564
0.367237	3.476746	0.052564

0.383714	0.278498	0.052564
0.383714	0.295342	0.052564
0.383714	0.313204	0.052564
0.383714	0.332146	0.052564
0.383714	0.352234	0.052564
0.383714	0.373536	0.054705
0.383714	0.396127	0.056890
0.383714	0.420085	0.059163
0.383714	0.445491	0.061572
0.383714	0.472434	0.064174
0.383714	0.501006	0.067054
0.383714	0.531306	0.070349
0.383714	0.563439	0.074305
0.383714	0.597515	0.079356
0.383714	0.633652	0.086203
0.383714	0.671975	0.095663
0.383714	0.712615	0.108025
0.383714	0.755714	0.121842
0.383714	0.801418	0.132724
0.383714	0.849887	0.131921
0.383714	0.901287	0.117071
0.383714	0.955796	0.097240
0.383714	1.013602	0.073656
0.383714	1.074903	0.049849
0.383714	1.139912	0.035277
0.383714	1.208853	0.028527
0.383714	1.281963	0.028949
0.383714	1.359494	0.031245
0.383714	1.441715	0.033928
0.383714	1.528908	0.036677
0.383714	1.621375	0.039397
0.383714	1.719434	0.042075
0.383714	1.823423	0.044723
0.383714	1.933702	0.047351
0.383714	2.050650	0.049963
0.383714	2.174671	0.052564
0.383714	2.306193	0.052564
0.383714	2.445669	0.052564
0.383714	2.593580	0.052564
0.383714	2.750437	0.052564
0.383714	2.916780	0.052564
0.383714	3.093184	0.052564
0.383714	3.280256	0.052564
0.383714	3.478643	0.052564
0.383714	3.689027	0.052564

0.400190	0.262759	0.052564
0.400190	0.278650	0.052564
0.400190	0.295503	0.052564
0.400190	0.313374	0.052564
0.400190	0.332327	0.052564
0.400190	0.352426	0.052564
0.400190	0.373740	0.054785
0.400190	0.396344	0.057047
0.400190	0.420314	0.059393
0.400190	0.445734	0.061871
0.400190	0.472692	0.064547
0.400190	0.501279	0.067520
0.400190	0.531596	0.070956
0.400190	0.563747	0.075140
0.400190	0.597841	0.080549
0.400190	0.633998	0.087886
0.400190	0.672342	0.097861
0.400190	0.713004	0.110335
0.400190	0.756126	0.122898
0.400190	0.801855	0.130731
0.400190	0.850351	0.130838
0.400190	0.901779	0.121709
0.400190	0.956317	0.102468
0.400190	1.014155	0.076081
0.400190	1.075489	0.050556
0.400190	1.140534	0.035491
0.400190	1.209512	0.028563
0.400190	1.282662	0.028828
0.400190	1.360236	0.031052
0.400190	1.442501	0.033712
0.400190	1.529742	0.036468
0.400190	1.622259	0.039211
0.400190	1.720372	0.041923
0.400190	1.824418	0.044609
0.400190	1.934757	0.047277
0.400190	2.051769	0.049926
0.400190	2.175857	0.052564
0.400190	2.307451	0.052564
0.400190	2.447003	0.052564
0.400190	2.594995	0.052564
0.400190	2.751937	0.052564
0.400190	2.918371	0.052564
0.400190	3.094871	0.052564
0.400190	3.282046	0.052564
0.400190	3.480540	0.052564
0.400190	3.691039	0.052564
0.400190	3.914269	0.052564

0.416667	0.247909	0.052564
0.416667	0.262902	0.052564
0.416667	0.278802	0.052564
0.416667	0.295664	0.052564
0.416667	0.313545	0.052564
0.416667	0.332508	0.052564
0.416667	0.352618	0.052564
0.416667	0.373944	0.054866
0.416667	0.396560	0.057204
0.416667	0.420543	0.059616
0.416667	0.445977	0.062152
0.416667	0.472949	0.064877
0.416667	0.501553	0.067895
0.416667	0.531886	0.071379
0.416667	0.564054	0.075624
0.416667	0.598167	0.081114
0.416667	0.634344	0.088535
0.416667	0.672708	0.098516
0.416667	0.713393	0.110642
0.416667	0.756538	0.121846
0.416667	0.802293	0.125300
0.416667	0.850814	0.125300
0.416667	0.902271	0.122210
0.416667	0.956839	0.102780
0.416667	1.014708	0.074257
0.416667	1.076076	0.049123
0.416667	1.141156	0.034970
0.416667	1.210172	0.027958
0.416667	1.283362	0.028364
0.416667	1.360978	0.030686
0.416667	1.443288	0.033405
0.416667	1.530577	0.036210
0.416667	1.623144	0.039002
0.416667	1.721310	0.041761
0.416667	1.825413	0.044493
0.416667	1.935812	0.047203
0.416667	2.052888	0.049891
0.416667	2.177044	0.052564
0.416667	2.308709	0.052564
0.416667	2.448338	0.052564
0.416667	2.596410	0.052564
0.416667	2.753438	0.052564
0.416667	2.919963	0.052564
0.416667	3.096559	0.052564
0.416667	3.283836	0.052564
0.416667	3.482438	0.052564
0.416667	3.693052	0.052564
0.416667	3.916404	0.052564
0.416667	4.153264	0.052564

0.437500	0.233922	0.052564
0.437500	0.248069	0.052564
0.437500	0.263072	0.052564
0.437500	0.278982	0.052564
0.437500	0.295855	0.052564
0.437500	0.313748	0.052564
0.437500	0.332723	0.052564
0.437500	0.352846	0.052564
0.437500	0.374186	0.054923
0.437500	0.396816	0.057313
0.437500	0.420815	0.059764
0.437500	0.446265	0.062318
0.437500	0.473255	0.065032
0.437500	0.501877	0.067995
0.437500	0.532230	0.071356
0.437500	0.564418	0.075372
0.437500	0.598554	0.080483
0.437500	0.634754	0.087356
0.437500	0.673143	0.096634
0.437500	0.713854	0.108060
0.437500	0.757027	0.119170
0.437500	0.802811	0.125300
0.437500	0.851364	0.125300
0.437500	0.902854	0.119202
0.437500	0.957457	0.097779
0.437500	1.015363	0.068236
0.437500	1.076771	0.045870
0.437500	1.141893	0.033632
0.437500	1.210953	0.026727
0.437500	1.284191	0.027585
0.437500	1.361857	0.030189
0.437500	1.444221	0.033062
0.437500	1.531565	0.035961
0.437500	1.624193	0.038821
0.437500	1.722422	0.041632
0.437500	1.826592	0.044406
0.437500	1.937063	0.047149
0.437500	2.054214	0.049865
0.437500	2.178450	0.052564
0.437500	2.310201	0.052564
0.437500	2.449919	0.052564
0.437500	2.598087	0.052564
0.437500	2.755217	0.052564
0.437500	2.921849	0.052564
0.437500	3.098559	0.052564
0.437500	3.285957	0.052564
0.437500	3.484688	0.052564
0.437500	3.695438	0.052564
0.437500	3.918934	0.052564
0.437500	4.155946	0.052564
0.437500	4.407293	0.052564

0.458333	0.220724	0.052564
0.458333	0.234073	0.052564
0.458333	0.248229	0.052564
0.458333	0.263242	0.052564
0.458333	0.279163	0.052564
0.458333	0.296046	0.052564
0.458333	0.313951	0.052564
0.458333	0.332938	0.052564
0.458333	0.353074	0.052564
0.458333	0.374427	0.054962
0.458333	0.397072	0.057382
0.458333	0.421087	0.059847
0.458333	0.446553	0.062386
0.458333	0.473561	0.065038
0.458333	0.502201	0.067861
0.458333	0.532573	0.070948
0.458333	0.564783	0.074468
0.458333	0.598940	0.078752
0.458333	0.635164	0.084436
0.458333	0.673578	0.092206
0.458333	0.714315	0.102155
0.458333	0.757516	0.112784
0.458333	0.803329	0.120533
0.458333	0.851914	0.121251
0.458333	0.903437	0.111576
0.458333	0.958076	0.088527
0.458333	1.016019	0.059648
0.458333	1.077467	0.041819
0.458333	1.142631	0.031874
0.458333	1.211736	0.025137
0.458333	1.285020	0.026640
0.458333	1.362737	0.029640
0.458333	1.445153	0.032722
0.458333	1.532555	0.035740
0.458333	1.625242	0.038674
0.458333	1.723535	0.041537
0.458333	1.827772	0.044347
0.458333	1.938314	0.047115
0.458333	2.055541	0.049849
0.458333	2.179858	0.052564
0.458333	2.311693	0.052564
0.458333	2.451501	0.052564
0.458333	2.599766	0.052564
0.458333	2.756996	0.052564
0.458333	2.923736	0.052564
0.458333	3.100561	0.052564
0.458333	3.288079	0.052564
0.458333	3.486939	0.052564
0.458333	3.697825	0.052564
0.458333	3.921465	0.052564
0.458333	4.158631	0.052564
0.458333	4.410140	0.052564
0.458333	4.676861	0.052564

0.479167	0.208270	0.052564
0.479167	0.220866	0.052564
0.479167	0.234224	0.052564
0.479167	0.248390	0.052564
0.479167	0.263412	0.052564
0.479167	0.279343	0.052564
0.479167	0.296237	0.052564
0.479167	0.314153	0.052564
0.479167	0.333153	0.052564
0.479167	0.353302	0.052564
0.479167	0.374669	0.054987
0.479167	0.397329	0.057422
0.479167	0.421359	0.059883
0.479167	0.446842	0.062384
0.479167	0.473866	0.064940
0.479167	0.502525	0.067567
0.479167	0.532917	0.070281
0.479167	0.565148	0.073102
0.479167	0.599327	0.076126
0.479167	0.635574	0.079966
0.479167	0.674013	0.085291
0.479167	0.714776	0.092417
0.479167	0.758005	0.100694
0.479167	0.803848	0.107690
0.479167	0.852464	0.108392
0.479167	0.904020	0.098607
0.479167	0.958694	0.076115
0.479167	1.016675	0.050023
0.479167	1.078163	0.037776
0.479167	1.143369	0.030069
0.479167	1.212518	0.023446
0.479167	1.285850	0.025696
0.479167	1.363617	0.029134
0.479167	1.446087	0.032440
0.479167	1.533545	0.035576
0.479167	1.626292	0.038579
0.479167	1.724648	0.041483
0.479167	1.828953	0.044317
0.479167	1.939566	0.047100
0.479167	2.056868	0.049843
0.479167	2.181266	0.052564
0.479167	2.313186	0.052564
0.479167	2.453085	0.052564
0.479167	2.601445	0.052564
0.479167	2.758777	0.052564
0.479167	2.925625	0.052564
0.479167	3.102563	0.052564
0.479167	3.290203	0.052564
0.479167	3.489191	0.052564
0.479167	3.700213	0.052564
0.479167	3.923998	0.052564
0.479167	4.161317	0.052564
0.479167	4.412989	0.052564
0.479167	4.679881	0.052564
0.479167	4.962915	0.052564

0.500000	0.196520	0.052564
0.500000	0.208405	0.052564
0.500000	0.221009	0.052564
0.500000	0.234375	0.052564
0.500000	0.248550	0.052564
0.500000	0.263582	0.052564
0.500000	0.279523	0.052564
0.500000	0.296429	0.052564
0.500000	0.314356	0.052564
0.500000	0.333368	0.052564
0.500000	0.353530	0.052564
0.500000	0.374911	0.055011
0.500000	0.397585	0.057458
0.500000	0.421631	0.059899
0.500000	0.447131	0.062327
0.500000	0.474172	0.064719
0.500000	0.502850	0.067024
0.500000	0.533262	0.069129
0.500000	0.565513	0.070756
0.500000	0.599714	0.071149
0.500000	0.635984	0.071149
0.500000	0.674448	0.071149
0.500000	0.715238	0.071149
0.500000	0.758495	0.071149
0.500000	0.804368	0.071149
0.500000	0.853015	0.071149
0.500000	0.904604	0.071149
0.500000	0.959314	0.054539
0.500000	1.017332	0.036423
0.500000	1.078859	0.032633
0.500000	1.144107	0.027899
0.500000	1.213301	0.021049
0.500000	1.286681	0.024509
0.500000	1.364498	0.028571
0.500000	1.447021	0.032186
0.500000	1.534535	0.035467
0.500000	1.627342	0.038539
0.500000	1.725762	0.041478
0.500000	1.830134	0.044325
0.500000	1.940818	0.047109
0.500000	2.058197	0.049848
0.500000	2.182674	0.052564
0.500000	2.314680	0.052564
0.500000	2.454669	0.052564
0.500000	2.603125	0.052564
0.500000	2.760559	0.052564
0.500000	2.927515	0.052564
0.500000	3.104567	0.052564
0.500000	3.292328	0.052564
0.500000	3.491445	0.052564
0.500000	3.702603	0.052564
0.500000	3.926532	0.052564
0.500000	4.164005	0.052564
0.500000	4.415839	0.052564
0.500000	4.682904	0.052564
0.500000	4.966121	0.052564
0.500000	5.266466	0.052564

0.532458	0.185465	0.052564
0.532458	0.196681	0.052564
0.532458	0.208576	0.052564
0.532458	0.221191	0.052564
0.532458	0.234568	0.052564
0.532458	0.248755	0.052564
0.532458	0.263799	0.052564
0.532458	0.279753	0.052564
0.532458	0.296673	0.052564
0.532458	0.314615	0.052564
0.532458	0.333643	0.052564
0.532458	0.353821	0.052564
0.532458	0.375220	0.055036
0.532458	0.397912	0.057497
0.532458	0.421978	0.059932
0.532458	0.447499	0.062317
0.532458	0.474563	0.064613
0.532458	0.503264	0.066754
0.532458	0.533701	0.068633
0.532458	0.565978	0.070082
0.532458	0.600208	0.070894
0.532458	0.636508	0.071149
0.532458	0.675003	0.071149
0.532458	0.715827	0.071149
0.532458	0.759119	0.071149
0.532458	0.805030	0.071149
0.532458	0.853717	0.071149
0.532458	0.905349	0.067379
0.532458	0.960103	0.042313
0.532458	1.018169	0.031184
0.532458	1.079747	0.031825
0.532458	1.145049	0.028138
0.532458	1.214300	0.019921
0.532458	1.287740	0.024382
0.532458	1.365621	0.028732
0.532458	1.448212	0.032411
0.532458	1.535798	0.035677
0.532458	1.628681	0.038714
0.532458	1.727182	0.041615
0.532458	1.831640	0.044426
0.532458	1.942416	0.047175
0.532458	2.059891	0.049881
0.532458	2.184471	0.052564
0.532458	2.316585	0.052564
0.532458	2.456690	0.052564
0.532458	2.605267	0.052564
0.532458	2.762831	0.052564
0.532458	2.929924	0.052564
0.532458	3.107122	0.052564
0.532458	3.295038	0.052564
0.532458	3.494318	0.052564
0.532458	3.705650	0.052564
0.532458	3.929764	0.052564
0.532458	4.167432	0.052564
0.532458	4.419473	0.052564
0.532458	4.686758	0.052564
0.532458	4.970208	0.052564
0.532458	5.270801	0.052564
0.532458	5.589573	0.052564

0.564916	0.175032	0.052564
0.564916	0.185617	0.052564
0.564916	0.196843	0.052564
0.564916	0.208748	0.052564
0.564916	0.221373	0.052564
0.564916	0.234761	0.052564
0.564916	0.248959	0.052564
0.564916	0.264016	0.052564
0.564916	0.279984	0.052564
0.564916	0.296917	0.052564
0.564916	0.314874	0.052564
0.564916	0.333917	0.052564
0.564916	0.354112	0.052564
0.564916	0.375528	0.055077
0.564916	0.398240	0.057573
0.564916	0.422325	0.060033
0.564916	0.447867	0.062429
0.564916	0.474953	0.064719
0.564916	0.503678	0.066846
0.564916	0.534140	0.068726
0.564916	0.566444	0.070237
0.564916	0.600702	0.071149
0.564916	0.637032	0.071149
0.564916	0.675559	0.071149
0.564916	0.716416	0.071149
0.564916	0.759744	0.071149
0.564916	0.805692	0.071149
0.564916	0.854419	0.071149
0.564916	0.906094	0.062292
0.564916	0.960893	0.042064
0.564916	1.019007	0.036529
0.564916	1.080635	0.035954
0.564916	1.145991	0.030748
0.564916	1.215299	0.021119
0.564916	1.288799	0.025903
0.564916	1.366744	0.029830
0.564916	1.449404	0.033190
0.564916	1.537062	0.036228
0.564916	1.630022	0.039103
0.564916	1.728604	0.041889
0.564916	1.833148	0.044616
0.564916	1.944014	0.047296
0.564916	2.061586	0.049940
0.564916	2.186269	0.052564
0.564916	2.318492	0.052564
0.564916	2.458711	0.052564
0.564916	2.607412	0.052564
0.564916	2.765105	0.052564
0.564916	2.932335	0.052564
0.564916	3.109680	0.052564
0.564916	3.297750	0.052564
0.564916	3.497194	0.052564
0.564916	3.708700	0.052564
0.564916	3.932998	0.052564
0.564916	4.170861	0.052564
0.564916	4.423111	0.052564
0.564916	4.690615	0.052564
0.564916	4.974298	0.052564
0.564916	5.275138	0.052564
0.564916	5.594173	0.052564
0.564916	5.932502	0.052564

0.597374	0.165185	0.052564
0.597374	0.175176	0.052564
0.597374	0.185770	0.052564
0.597374	0.197005	0.052564
0.597374	0.208920	0.052564
0.597374	0.221555	0.052564
0.597374	0.234955	0.052564
0.597374	0.249164	0.052564
0.597374	0.264234	0.052564
0.597374	0.280214	0.052564
0.597374	0.297161	0.052564
0.597374	0.315133	0.052564
0.597374	0.334192	0.052564
0.597374	0.354404	0.052564
0.597374	0.375837	0.055104
0.597374	0.398568	0.057628
0.597374	0.422673	0.060115
0.597374	0.448235	0.062539
0.597374	0.475344	0.064861
0.597374	0.504092	0.067030
0.597374	0.534579	0.068980
0.597374	0.566910	0.070634
0.597374	0.601196	0.071902
0.597374	0.637556	0.072770
0.597374	0.676115	0.073772
0.597374	0.717005	0.074970
0.597374	0.760369	0.076161
0.597374	0.806355	0.076785
0.597374	0.855123	0.075595
0.597374	0.906839	0.068021
0.597374	0.961684	0.053951
0.597374	1.019846	0.044926
0.597374	1.081525	0.037991
0.597374	1.146934	0.030628
0.597374	1.216300	0.024739
0.597374	1.289860	0.027291
0.597374	1.367869	0.030597
0.597374	1.450596	0.033678
0.597374	1.538327	0.036554
0.597374	1.631363	0.039324
0.597374	1.730026	0.042042
0.597374	1.834656	0.044722
0.597374	1.945614	0.047363
0.597374	2.063283	0.049973
0.597374	2.188068	0.052564
0.597374	2.320400	0.052564
0.597374	2.460735	0.052564
0.597374	2.609557	0.052564
0.597374	2.767380	0.052564
0.597374	2.934749	0.052564
0.597374	3.112239	0.052564
0.597374	3.300464	0.052564
0.597374	3.500072	0.052564
0.597374	3.711752	0.052564
0.597374	3.936235	0.052564
0.597374	4.174294	0.052564
0.597374	4.426751	0.052564
0.597374	4.694476	0.052564
0.597374	4.978392	0.052564
0.597374	5.279480	0.052564
0.597374	5.598777	0.052564
0.597374	5.937385	0.052564
0.597374	6.296471	0.052564

0.611233	0.155863	0.052564
0.611233	0.165290	0.052564
0.611233	0.175286	0.052564
0.611233	0.185888	0.052564
0.611233	0.197130	0.052564
0.611233	0.209052	0.052564
0.611233	0.221695	0.052564
0.611233	0.235103	0.052564
0.611233	0.249322	0.052564
0.611233	0.264401	0.052564
0.611233	0.280391	0.052564
0.611233	0.297349	0.052564
0.611233	0.315332	0.052564
0.611233	0.334403	0.052564
0.611233	0.354628	0.052564
0.611233	0.376075	0.055136
0.611233	0.398820	0.057693
0.611233	0.422940	0.060214
0.611233	0.448519	0.062674
0.611233	0.475645	0.065039
0.611233	0.504411	0.067266
0.611233	0.534918	0.069305
0.611233	0.567269	0.071118
0.611233	0.601577	0.072710
0.611233	0.637959	0.074195
0.611233	0.676542	0.075930
0.611233	0.717459	0.077951
0.611233	0.760850	0.079918
0.611233	0.806865	0.080952
0.611233	0.855664	0.079568
0.611233	0.907413	0.073119
0.611233	0.962293	0.061999
0.611233	1.020491	0.050891
0.611233	1.082209	0.040122
0.611233	1.147660	0.031309
0.611233	1.217069	0.026944
0.611233	1.290676	0.028545
0.611233	1.368735	0.031339
0.611233	1.451514	0.034167
0.611233	1.539300	0.036891
0.611233	1.632395	0.039558
0.611233	1.731121	0.042205
0.611233	1.835817	0.044832
0.611233	1.946845	0.047432
0.611233	2.064588	0.050006
0.611233	2.189452	0.052564
0.611233	2.321868	0.052564
0.611233	2.462292	0.052564
0.611233	2.611209	0.052564
0.611233	2.769132	0.052564
0.611233	2.936605	0.052564
0.611233	3.114208	0.052564
0.611233	3.302552	0.052564
0.611233	3.502287	0.052564
0.611233	3.714101	0.052564
0.611233	3.938726	0.052564
0.611233	4.176935	0.052564
0.611233	4.429552	0.052564
0.611233	4.697446	0.052564
0.611233	4.981542	0.052564
0.611233	5.282820	0.052564
0.611233	5.602319	0.052564
0.611233	5.941141	0.052564
0.611233	6.300455	0.052564
0.611233	6.681499	0.052564

0.625091	0.147068	0.052564
0.625091	0.155962	0.052564
0.625091	0.165395	0.052564
0.625091	0.175397	0.052564
0.625091	0.186005	0.052564
0.625091	0.197255	0.052564
0.625091	0.209184	0.052564
0.625091	0.221836	0.052564
0.625091	0.235252	0.052564
0.625091	0.249480	0.052564
0.625091	0.264568	0.052564
0.625091	0.280569	0.052564
0.625091	0.297537	0.052564
0.625091	0.315532	0.052564
0.625091	0.334615	0.052564
0.625091	0.354852	0.052564
0.625091	0.376313	0.055173
0.625091	0.399072	0.057767
0.625091	0.423208	0.060328
0.625091	0.448803	0.062833
0.625091	0.475946	0.065251
0.625091	0.504731	0.067546
0.625091	0.535256	0.069683
0.625091	0.567628	0.071649
0.625091	0.601957	0.073499
0.625091	0.638363	0.075396
0.625091	0.676970	0.077594
0.625091	0.717913	0.080083
0.625091	0.761331	0.082471
0.625091	0.807376	0.083774
0.625091	0.856205	0.082573
0.625091	0.907987	0.077187
0.625091	0.962901	0.067354
0.625091	1.021137	0.054972
0.625091	1.082894	0.041887
0.625091	1.148386	0.032127
0.625091	1.217839	0.028413
0.625091	1.291493	0.029578
0.625091	1.369601	0.032000
0.625091	1.452433	0.034616
0.625091	1.540274	0.037211
0.625091	1.633428	0.039788
0.625091	1.732216	0.042367
0.625091	1.836979	0.044942
0.625091	1.948077	0.047500
0.625091	2.065895	0.050038
0.625091	2.190838	0.052564
0.625091	2.323337	0.052564
0.625091	2.463850	0.052564
0.625091	2.612861	0.052564
0.625091	2.770884	0.052564
0.625091	2.938464	0.052564
0.625091	3.116179	0.052564
0.625091	3.304642	0.052564
0.625091	3.504503	0.052564
0.625091	3.716451	0.052564
0.625091	3.941218	0.052564
0.625091	4.179578	0.052564
0.625091	4.432354	0.052564
0.625091	4.700418	0.052564
0.625091	4.984694	0.052564
0.625091	5.286163	0.052564
0.625091	5.605864	0.052564
0.625091	5.944901	0.052564
0.625091	6.304441	0.052564
0.625091	6.685727	0.052564
0.625091	7.090072	0.052564

0.638950	0.138768	0.052564
0.638950	0.147161	0.052564
0.638950	0.156061	0.052564
0.638950	0.165499	0.052564
0.638950	0.175508	0.052564
0.638950	0.186123	0.052564
0.638950	0.197379	0.052564
0.638950	0.209317	0.052564
0.638950	0.221976	0.052564
0.638950	0.235401	0.052564
0.638950	0.249638	0.052564
0.638950	0.264735	0.052564
0.638950	0.280746	0.052564
0.638950	0.297726	0.052564
0.638950	0.315732	0.052564
0.638950	0.334827	0.052564
0.638950	0.355077	0.052564
0.638950	0.376551	0.055214
0.638950	0.399325	0.057851
0.638950	0.423475	0.060458
0.638950	0.449087	0.063014
0.638950	0.476247	0.065493
0.638950	0.505050	0.067864
0.638950	0.535595	0.070100
0.638950	0.567987	0.072200
0.638950	0.602338	0.074235
0.638950	0.638767	0.076363
0.638950	0.677399	0.078757
0.638950	0.718367	0.081354
0.638950	0.761813	0.083821
0.638950	0.807887	0.085230
0.638950	0.856747	0.084323
0.638950	0.908562	0.079803
0.638950	0.963511	0.070681
0.638950	1.021783	0.057541
0.638950	1.083579	0.043060
0.638950	1.149113	0.032784
0.638950	1.218610	0.029421
0.638950	1.292310	0.030383
0.638950	1.370467	0.032562
0.638950	1.453352	0.035004
0.638950	1.541249	0.037493
0.638950	1.634462	0.039999
0.638950	1.733312	0.042521
0.638950	1.838141	0.045047
0.638950	1.949310	0.047564
0.638950	2.067202	0.050068
0.638950	2.192224	0.052564
0.638950	2.324807	0.052564
0.638950	2.465409	0.052564
0.638950	2.614514	0.052564
0.638950	2.772637	0.052564
0.638950	2.940323	0.052564
0.638950	3.118150	0.052564
0.638950	3.306732	0.052564
0.638950	3.506720	0.052564
0.638950	3.718802	0.052564
0.638950	3.943711	0.052564
0.638950	4.182223	0.052564
0.638950	4.435159	0.052564
0.638950	4.703392	0.052564
0.638950	4.987848	0.052564
0.638950	5.289508	0.052564
0.638950	5.609411	0.052564
0.638950	5.948662	0.052564
0.638950	6.308431	0.052564
0.638950	6.689957	0.052564
0.638950	7.094558	0.052564
0.638950	7.523629	0.052564

0.652808	0.130937	0.052564
0.652808	0.138856	0.052564
0.652808	0.147254	0.052564
0.652808	0.156160	0.052564
0.652808	0.165604	0.052564
0.652808	0.175619	0.052564
0.652808	0.186241	0.052564
0.652808	0.197504	0.052564
0.652808	0.209449	0.052564
0.652808	0.222116	0.052564
0.652808	0.235550	0.052564
0.652808	0.249796	0.052564
0.652808	0.264903	0.052564
0.652808	0.280924	0.052564
0.652808	0.297914	0.052564
0.652808	0.315931	0.052564
0.652808	0.335039	0.052564
0.652808	0.355301	0.052564
0.652808	0.376790	0.055259
0.652808	0.399577	0.057943
0.652808	0.423743	0.060601
0.652808	0.449371	0.063216
0.652808	0.476548	0.065763
0.652808	0.505369	0.068216
0.652808	0.535934	0.070549
0.652808	0.568346	0.072761
0.652808	0.602719	0.074906
0.652808	0.639171	0.077103
0.652808	0.677827	0.079440
0.652808	0.718822	0.081760
0.652808	0.762295	0.083934
0.652808	0.808398	0.085227
0.652808	0.857289	0.084612
0.652808	0.909137	0.080978
0.652808	0.964120	0.072510
0.652808	1.022429	0.058933
0.652808	1.084265	0.043611
0.652808	1.149840	0.033178
0.652808	1.219381	0.030102
0.652808	1.293128	0.030986
0.652808	1.371335	0.033016
0.652808	1.454271	0.035327
0.652808	1.542224	0.037727
0.652808	1.635496	0.040177
0.652808	1.734409	0.042655
0.652808	1.839304	0.045141
0.652808	1.950543	0.047622
0.652808	2.068510	0.050095
0.652808	2.193611	0.052564
0.652808	2.326278	0.052564
0.652808	2.466969	0.052564
0.652808	2.616168	0.052564
0.652808	2.774391	0.052564
0.652808	2.942183	0.052564
0.652808	3.120123	0.052564
0.652808	3.308825	0.052564
0.652808	3.508939	0.052564
0.652808	3.721155	0.052564
0.652808	3.946207	0.052564
0.652808	4.184869	0.052564
0.652808	4.437965	0.052564
0.652808	4.706368	0.052564
0.652808	4.991004	0.052564
0.652808	5.292855	0.052564
0.652808	5.612960	0.052564
0.652808	5.952426	0.052564
0.652808	6.312422	0.052564
0.652808	6.694190	0.052564
0.652808	7.099047	0.052564
0.652808	7.528390	0.052564
0.652808	7.983698	0.052564

0.666667	0.123548	0.052564
0.666667	0.131020	0.052564
0.666667	0.138944	0.052564
0.666667	0.147347	0.052564
0.666667	0.156258	0.052564
0.666667	0.165709	0.052564
0.666667	0.175731	0.052564
0.666667	0.186359	0.052564
0.666667	0.197629	0.052564
0.666667	0.209582	0.052564
0.666667	0.222257	0.052564
0.666667	0.235699	0.052564
0.666667	0.249954	0.052564
0.666667	0.265071	0.052564
0.666667	0.281102	0.052564
0.666667	0.298102	0.052564
0.666667	0.316131	0.052564
0.666667	0.335251	0.052564
0.666667	0.355526	0.052564
0.666667	0.377028	0.055405
0.666667	0.399830	0.058242
0.666667	0.424012	0.061070
0.666667	0.449655	0.063877
0.666667	0.476850	0.066650
0.666667	0.505689	0.069365
0.666667	0.536273	0.071987
0.666667	0.568706	0.074474
0.666667	0.603101	0.076764
0.666667	0.639575	0.078752
0.666667	0.678256	0.080227
0.666667	0.719276	0.080366
0.666667	0.762778	0.080366
0.666667	0.808909	0.080366
0.666667	0.857831	0.080366
0.666667	0.909712	0.080366
0.666667	0.964730	0.074603
0.666667	1.023076	0.060343
0.666667	1.084951	0.043439
0.666667	1.150567	0.033712
0.666667	1.220152	0.031437
0.666667	1.293946	0.032311
0.666667	1.372202	0.034055
0.666667	1.455191	0.036105
0.666667	1.543200	0.038298
0.666667	1.636531	0.040608
0.666667	1.735506	0.042985
0.666667	1.840468	0.045378
0.666667	1.951777	0.047773
0.666667	2.069819	0.050167
0.666667	2.194999	0.052564
0.666667	2.327750	0.052564
0.666667	2.468530	0.052564
0.666667	2.617824	0.052564
0.666667	2.776147	0.052564
0.666667	2.944045	0.052564
0.666667	3.122097	0.052564
0.666667	3.310918	0.052564
0.666667	3.511159	0.052564
0.666667	3.723510	0.052564
0.666667	3.948704	0.052564
0.666667	4.187517	0.052564
0.666667	4.440773	0.052564
0.666667	4.709346	0.052564
0.666667	4.994162	0.052564
0.666667	5.296203	0.052564
0.666667	5.616512	0.052564
0.666667	5.956192	0.052564
0.666667	6.316416	0.052564
0.666667	6.698426	0.052564
0.666667	7.103539	0.052564
0.666667	7.533153	0.052564
0.666667	7.988750	0.052564
0.666667	8.471901	0.052564

0.708333	0.116676	0.052564
0.708333	0.123733	0.052564
0.708333	0.131216	0.052564
0.708333	0.139152	0.052564
0.708333	0.147567	0.052564
0.708333	0.156492	0.052564
0.708333	0.165957	0.052564
0.708333	0.175993	0.052564
0.708333	0.186637	0.052564
0.708333	0.197925	0.052564
0.708333	0.209895	0.052564
0.708333	0.222589	0.052564
0.708333	0.236051	0.052564
0.708333	0.250327	0.052564
0.708333	0.265467	0.052564
0.708333	0.281522	0.052564
0.708333	0.298548	0.052564
0.708333	0.316604	0.052564
0.708333	0.335752	0.052564
0.708333	0.356058	0.052564
0.708333	0.377592	0.055563
0.708333	0.400428	0.058570
0.708333	0.424646	0.061591
0.708333	0.450328	0.064631
0.708333	0.477563	0.067685
0.708333	0.506446	0.070740
0.708333	0.537075	0.073750
0.708333	0.569557	0.076609
0.708333	0.604003	0.079052
0.708333	0.640532	0.080366
0.708333	0.679271	0.080366
0.708333	0.720352	0.080366
0.708333	0.763918	0.080366
0.708333	0.810119	0.080366
0.708333	0.859114	0.080366
0.708333	0.911073	0.080366
0.708333	0.966173	0.075389
0.708333	1.024606	0.058804
0.708333	1.086574	0.040712
0.708333	1.152288	0.032769
0.708333	1.221977	0.031620
0.708333	1.295881	0.032754
0.708333	1.374255	0.034509
0.708333	1.457368	0.036487
0.708333	1.545508	0.038625
0.708333	1.638979	0.040887
0.708333	1.738102	0.043206
0.708333	1.843221	0.045539
0.708333	1.954697	0.047875
0.708333	2.072914	0.050217
0.708333	2.198282	0.052564
0.708333	2.331232	0.052564
0.708333	2.472222	0.052564
0.708333	2.621739	0.052564
0.708333	2.780299	0.052564
0.708333	2.948448	0.052564
0.708333	3.126767	0.052564
0.708333	3.315871	0.052564
0.708333	3.516411	0.052564
0.708333	3.729079	0.052564
0.708333	3.954610	0.052564
0.708333	4.193780	0.052564
0.708333	4.447415	0.052564
0.708333	4.716390	0.052564
0.708333	5.001632	0.052564
0.708333	5.304125	0.052564
0.708333	5.624913	0.052564
0.708333	5.965101	0.052564
0.708333	6.325864	0.052564
0.708333	6.708445	0.052564
0.708333	7.114164	0.052564
0.708333	7.544421	0.052564
0.708333	8.000699	0.052564
0.708333	8.484572	0.052564
0.708333	8.997710	0.052564

0.750000	0.110187	0.052564
0.750000	0.116851	0.052564
0.750000	0.123918	0.052564
0.750000	0.131412	0.052564
0.750000	0.139360	0.052564
0.750000	0.147788	0.052564
0.750000	0.156726	0.052564
0.750000	0.166205	0.052564
0.750000	0.176257	0.052564
0.750000	0.186916	0.052564
0.750000	0.198221	0.052564
0.750000	0.210209	0.052564
0.750000	0.222922	0.052564
0.750000	0.236404	0.052564
0.750000	0.250702	0.052564
0.750000	0.265864	0.052564
0.750000	0.281943	0.052564
0.750000	0.298995	0.052564
0.750000	0.317078	0.052564
0.750000	0.336254	0.052564
0.750000	0.356590	0.052564
0.750000	0.378157	0.055635
0.750000	0.401027	0.058721
0.750000	0.425281	0.061838
0.750000	0.451001	0.064998
0.750000	0.478277	0.068213
0.750000	0.507203	0.071489
0.750000	0.537878	0.074817
0.750000	0.570408	0.078159
0.750000	0.604906	0.081441
0.750000	0.641490	0.084587
0.750000	0.680287	0.087903
0.750000	0.721430	0.091915
0.750000	0.765061	0.095939
0.750000	0.811331	0.098379
0.750000	0.860399	0.097403
0.750000	0.912435	0.091504
0.750000	0.967619	0.078483
0.750000	1.026139	0.058093
0.750000	1.088199	0.039441
0.750000	1.154012	0.032376
0.750000	1.223805	0.031517
0.750000	1.297819	0.032772
0.750000	1.376310	0.034559
0.750000	1.459548	0.036533
0.750000	1.547820	0.038691
0.750000	1.641430	0.040963
0.750000	1.740702	0.043269
0.750000	1.845978	0.045582
0.750000	1.957620	0.047901
0.750000	2.076015	0.050229
0.750000	2.201570	0.052564
0.750000	2.334719	0.052564
0.750000	2.475920	0.052564
0.750000	2.625661	0.052564
0.750000	2.784458	0.052564
0.750000	2.952858	0.052564
0.750000	3.131444	0.052564
0.750000	3.320830	0.052564
0.750000	3.521670	0.052564
0.750000	3.734657	0.052564
0.750000	3.960525	0.052564
0.750000	4.200053	0.052564
0.750000	4.454067	0.052564
0.750000	4.723444	0.052564
0.750000	5.009113	0.052564
0.750000	5.312059	0.052564
0.750000	5.633326	0.052564
0.750000	5.974023	0.052564
0.750000	6.335326	0.052564
0.750000	6.718479	0.052564
0.750000	7.124805	0.052564
0.750000	7.555705	0.052564
0.750000	8.012666	0.052564
0.750000	8.497263	0.052564
0.750000	9.011168	0.052564
0.750000	9.556153	0.052564

0.770833	0.103972	0.052564
0.770833	0.110260	0.052564
0.770833	0.116929	0.052564
0.770833	0.124000	0.052564
0.770833	0.131500	0.052564
0.770833	0.139453	0.052564
0.770833	0.147887	0.052564
0.770833	0.156831	0.052564
0.770833	0.166316	0.052564
0.770833	0.176374	0.052564
0.770833	0.187041	0.052564
0.770833	0.198353	0.052564
0.770833	0.210349	0.052564
0.770833	0.223071	0.052564
0.770833	0.236562	0.052564
0.770833	0.250869	0.052564
0.770833	0.266041	0.052564
0.770833	0.282131	0.052564
0.770833	0.299194	0.052564
0.770833	0.317289	0.052564
0.770833	0.336478	0.052564
0.770833	0.356828	0.052564
0.770833	0.378409	0.055700
0.770833	0.401295	0.058860
0.770833	0.425564	0.062066
0.770833	0.451302	0.065343
0.770833	0.478596	0.068718
0.770833	0.507541	0.072222
0.770833	0.538237	0.075888
0.770833	0.570789	0.079753
0.770833	0.605309	0.083897
0.770833	0.641918	0.088539
0.770833	0.680740	0.094203
0.770833	0.721911	0.101202
0.770833	0.765571	0.108203
0.770833	0.811872	0.112143
0.770833	0.860973	0.109744
0.770833	0.913044	0.099528
0.770833	0.968264	0.081323
0.770833	1.026823	0.057243
0.770833	1.088924	0.038057
0.770833	1.154781	0.032025
0.770833	1.224621	0.031480
0.770833	1.298685	0.032770
0.770833	1.377228	0.034558
0.770833	1.460521	0.036562
0.770833	1.548852	0.038741
0.770833	1.642525	0.041001
0.770833	1.741863	0.043291
0.770833	1.847208	0.045595
0.770833	1.958926	0.047910
0.770833	2.077399	0.050234
0.770833	2.203038	0.052564
0.770833	2.336275	0.052564
0.770833	2.477571	0.052564
0.770833	2.627411	0.052564
0.770833	2.786314	0.052564
0.770833	2.954827	0.052564
0.770833	3.133532	0.052564
0.770833	3.323044	0.052564
0.770833	3.524019	0.052564
0.770833	3.737147	0.052564
0.770833	3.963166	0.052564
0.770833	4.202853	0.052564
0.770833	4.457037	0.052564
0.770833	4.726594	0.052564
0.770833	5.012453	0.052564
0.770833	5.315601	0.052564
0.770833	5.637082	0.052564
0.770833	5.978007	0.052564
0.770833	6.339550	0.052564
0.770833	6.722959	0.052564
0.770833	7.129556	0.052564
0.770833	7.560743	0.052564
0.770833	8.018009	0.052564
0.770833	8.502929	0.052564
0.770833	9.017176	0.052564
0.770833	9.562525	0.052564
0.770833	10.140856	0.052564

0.791667	0.098108	0.052564
0.791667	0.104041	0.052564
0.791667	0.110334	0.052564
0.791667	0.117007	0.052564
0.791667	0.124083	0.052564
0.791667	0.131587	0.052564
0.791667	0.139546	0.052564
0.791667	0.147985	0.052564
0.791667	0.156935	0.052564
0.791667	0.166426	0.052564
0.791667	0.176492	0.052564
0.791667	0.187166	0.052564
0.791667	0.198485	0.052564
0.791667	0.210490	0.052564
0.791667	0.223220	0.052564
0.791667	0.236720	0.052564
0.791667	0.251036	0.052564
0.791667	0.266219	0.052564
0.791667	0.282319	0.052564
0.791667	0.299394	0.052564
0.791667	0.317501	0.052564
0.791667	0.336703	0.052564
0.791667	0.357066	0.052564
0.791667	0.378661	0.055755
0.791667	0.401562	0.058977
0.791667	0.425848	0.062261
0.791667	0.451603	0.065642
0.791667	0.478915	0.069162
0.791667	0.507880	0.072876
0.791667	0.538596	0.076853
0.791667	0.571169	0.081193
0.791667	0.605713	0.086068
0.791667	0.642346	0.091809
0.791667	0.681194	0.099035
0.791667	0.722392	0.108186
0.791667	0.766082	0.117665
0.791667	0.812413	0.122737
0.791667	0.861547	0.118617
0.791667	0.913653	0.104777
0.791667	0.968909	0.083284
0.791667	1.027508	0.055590
0.791667	1.089650	0.036747
0.791667	1.155551	0.031899
0.791667	1.225438	0.031429
0.791667	1.299551	0.032813
0.791667	1.378146	0.034558
0.791667	1.461495	0.036575
0.791667	1.549884	0.038754
0.791667	1.643620	0.041003
0.791667	1.743024	0.043286
0.791667	1.848440	0.045591
0.791667	1.960232	0.047909
0.791667	2.078784	0.050234
0.791667	2.204507	0.052564
0.791667	2.337833	0.052564
0.791667	2.479223	0.052564
0.791667	2.629163	0.052564
0.791667	2.788172	0.052564
0.791667	2.956798	0.052564
0.791667	3.135621	0.052564
0.791667	3.325260	0.052564
0.791667	3.526368	0.052564
0.791667	3.739639	0.052564
0.791667	3.965808	0.052564
0.791667	4.205656	0.052564
0.791667	4.460009	0.052564
0.791667	4.729746	0.052564
0.791667	5.015795	0.052564
0.791667	5.319145	0.052564
0.791667	5.640841	0.052564
0.791667	5.981993	0.052564
0.791667	6.343777	0.052564
0.791667	6.727441	0.052564
0.791667	7.134310	0.052564
0.791667	7.565785	0.052564
0.791667	8.023355	0.052564
0.791667	8.508598	0.052564
0.791667	9.023189	0.052564
0.791667	9.568901	0.052564
0.791667	10.147618	0.052564
0.791667	10.761334	0.052564

0.812500	0.092575	0.052564
0.812500	0.098173	0.052564
0.812500	0.104111	0.052564
0.812500	0.110407	0.052564
0.812500	0.117085	0.052564
0.812500	0.124166	0.052564
0.812500	0.131675	0.052564
0.812500	0.139639	0.052564
0.812500	0.148084	0.052564
0.812500	0.157040	0.052564
0.812500	0.166537	0.052564
0.812500	0.176609	0.052564
0.812500	0.187291	0.052564
0.812500	0.198618	0.052564
0.812500	0.210630	0.052564
0.812500	0.223369	0.052564
0.812500	0.236878	0.052564
0.812500	0.251204	0.052564
0.812500	0.266396	0.052564
0.812500	0.282508	0.052564
0.812500	0.299593	0.052564
0.812500	0.317712	0.052564
0.812500	0.336927	0.052564
0.812500	0.357304	0.052564
0.812500	0.378914	0.055797
0.812500	0.401830	0.059066
0.812500	0.426132	0.062411
0.812500	0.451904	0.065874
0.812500	0.479235	0.069510
0.812500	0.508218	0.073392
0.812500	0.538955	0.077616
0.812500	0.571550	0.082325
0.812500	0.606117	0.087739
0.812500	0.642774	0.094219
0.812500	0.681648	0.102316
0.812500	0.722874	0.112787
0.812500	0.766592	0.124524
0.812500	0.812955	0.131157
0.812500	0.862122	0.124543
0.812500	0.914262	0.107086
0.812500	0.969555	0.084947
0.812500	1.028193	0.052772
0.812500	1.090377	0.035499
0.812500	1.156322	0.031833
0.812500	1.226255	0.031347
0.812500	1.300417	0.032934
0.812500	1.379065	0.034605
0.812500	1.462469	0.036546
0.812500	1.550918	0.038723
0.812500	1.644716	0.040981
0.812500	1.744186	0.043268
0.812500	1.849673	0.045578
0.812500	1.961539	0.047903
0.812500	2.080171	0.050233
0.812500	2.205977	0.052564
0.812500	2.339392	0.052564
0.812500	2.480876	0.052564
0.812500	2.630916	0.052564
0.812500	2.790031	0.052564
0.812500	2.958769	0.052564
0.812500	3.137712	0.052564
0.812500	3.327477	0.052564
0.812500	3.528720	0.052564
0.812500	3.742133	0.052564
0.812500	3.968453	0.052564
0.812500	4.208460	0.052564
0.812500	4.462983	0.052564
0.812500	4.732899	0.052564
0.812500	5.019140	0.052564
0.812500	5.322692	0.052564
0.812500	5.644602	0.052564
0.812500	5.985981	0.052564
0.812500	6.348007	0.052564
0.812500	6.731927	0.052564
0.812500	7.139067	0.052564
0.812500	7.570829	0.052564
0.812500	8.028705	0.052564
0.812500	8.514272	0.052564
0.812500	9.029205	0.052564
0.812500	9.575282	0.052564
0.812500	10.154384	0.052564
0.812500	10.768510	0.052564
0.812500	11.419777	0.052564

0.833333	0.087353	0.052564
0.833333	0.092636	0.052564
0.833333	0.098239	0.052564
0.833333	0.104180	0.052564
0.833333	0.110481	0.052564
0.833333	0.117163	0.052564
0.833333	0.124249	0.052564
0.833333	0.131763	0.052564
0.833333	0.139732	0.052564
0.833333	0.148183	0.052564
0.833333	0.157145	0.052564
0.833333	0.166648	0.052564
0.833333	0.176727	0.052564
0.833333	0.187415	0.052564
0.833333	0.198750	0.052564
0.833333	0.210770	0.052564
0.833333	0.223517	0.052564
0.833333	0.237036	0.052564
0.833333	0.251371	0.052564
0.833333	0.266574	0.052564
0.833333	0.282696	0.052564
0.833333	0.299793	0.052564
0.833333	0.317924	0.052564
0.833333	0.337152	0.052564
0.833333	0.357543	0.052564
0.833333	0.379166	0.055817
0.833333	0.402098	0.059109
0.833333	0.426416	0.062483
0.833333	0.452205	0.065987
0.833333	0.479554	0.069682
0.833333	0.508557	0.073649
0.833333	0.539314	0.077998
0.833333	0.571931	0.082888
0.833333	0.606521	0.088556
0.833333	0.643203	0.095364
0.833333	0.682103	0.103804
0.833333	0.723356	0.114443
0.833333	0.767104	0.127735
0.833333	0.813497	0.136462
0.833333	0.862697	0.127150
0.833333	0.914871	0.106149
0.833333	0.970202	0.087072
0.833333	1.028879	0.049552
0.833333	1.091104	0.034991
0.833333	1.157093	0.031920
0.833333	1.227072	0.031311
0.833333	1.301284	0.033045
0.833333	1.379985	0.034657
0.833333	1.463445	0.036496
0.833333	1.551952	0.038684
0.833333	1.645812	0.040960
0.833333	1.745349	0.043253
0.833333	1.850906	0.045568
0.833333	1.962847	0.047898
0.833333	2.081558	0.050231
0.833333	2.207448	0.052564
0.833333	2.340952	0.052564
0.833333	2.482530	0.052564
0.833333	2.632671	0.052564
0.833333	2.791892	0.052564
0.833333	2.960742	0.052564
0.833333	3.139804	0.052564
0.833333	3.329696	0.052564
0.833333	3.531072	0.052564
0.833333	3.744628	0.052564
0.833333	3.971099	0.052564
0.833333	4.211266	0.052564
0.833333	4.465959	0.052564
0.833333	4.736055	0.052564
0.833333	5.022486	0.052564
0.833333	5.326241	0.052564
0.833333	5.648366	0.052564
0.833333	5.989973	0.052564
0.833333	6.352240	0.052564
0.833333	6.736416	0.052564
0.833333	7.143827	0.052564
0.833333	7.575877	0.052564
0.833333	8.034058	0.052564
0.833333	8.519949	0.052564
0.833333	9.035226	0.052564
0.833333	9.581666	0.052564
0.833333	10.161155	0.052564
0.833333	10.775690	0.052564
0.833333	11.427392	0.052564
0.833333	12.118507	0.052564

0.849543	0.082420	0.052564
0.849543	0.087405	0.052564
0.849543	0.092691	0.052564
0.849543	0.098297	0.052564
0.849543	0.104242	0.052564
0.849543	0.110546	0.052564
0.849543	0.117232	0.052564
0.849543	0.124322	0.052564
0.849543	0.131841	0.052564
0.849543	0.139815	0.052564
0.849543	0.148271	0.052564
0.849543	0.157238	0.052564
0.849543	0.166747	0.052564
0.849543	0.176832	0.052564
0.849543	0.187527	0.052564
0.849543	0.198868	0.052564
0.849543	0.210895	0.052564
0.849543	0.223650	0.052564
0.849543	0.237176	0.052564
0.849543	0.251520	0.052564
0.849543	0.266732	0.052564
0.849543	0.282864	0.052564
0.849543	0.299971	0.052564
0.849543	0.318113	0.052564
0.849543	0.337352	0.052564
0.849543	0.357755	0.052564
0.849543	0.379391	0.055827
0.849543	0.402336	0.059131
0.849543	0.426669	0.062519
0.849543	0.452474	0.066044
0.849543	0.479839	0.069771
0.849543	0.508859	0.073781
0.849543	0.539634	0.078194
0.849543	0.572271	0.083175
0.849543	0.606881	0.088970
0.849543	0.643584	0.095935
0.849543	0.682508	0.104525
0.849543	0.723785	0.115194
0.849543	0.767559	0.128068
0.849543	0.813980	0.141961
0.849543	0.863208	0.127298
0.849543	0.915414	0.103806
0.849543	0.970777	0.090203
0.849543	1.029489	0.045891
0.849543	1.091751	0.034964
0.849543	1.157779	0.032040
0.849543	1.227800	0.031357
0.849543	1.302056	0.033101
0.849543	1.380803	0.034713
0.849543	1.464313	0.036465
0.849543	1.552873	0.038657
0.849543	1.646789	0.040947
0.849543	1.746385	0.043244
0.849543	1.852004	0.045563
0.849543	1.964011	0.047896
0.849543	2.082792	0.050231
0.849543	2.208757	0.052564
0.849543	2.342340	0.052564
0.849543	2.484003	0.052564
0.849543	2.634232	0.052564
0.849543	2.793548	0.052564
0.849543	2.962498	0.052564
0.849543	3.141667	0.052564
0.849543	3.331671	0.052564
0.849543	3.533167	0.052564
0.849543	3.746849	0.052564
0.849543	3.973454	0.052564
0.849543	4.213764	0.052564
0.849543	4.468608	0.052564
0.849543	4.738865	0.052564
0.849543	5.025466	0.052564
0.849543	5.329400	0.052564
0.849543	5.651717	0.052564
0.849543	5.993526	0.052564
0.849543	6.356008	0.052564
0.849543	6.740412	0.052564
0.849543	7.148065	0.052564
0.849543	7.580372	0.052564
0.849543	8.038824	0.052564
0.849543	8.525003	0.052564
0.849543	9.040586	0.052564
0.849543	9.587350	0.052564
0.849543	10.167182	0.052564
0.849543	10.782082	0.052564
0.849543	11.434170	0.052564
0.849543	12.125696	0.052564
0.849543	12.859045	0.052564

